Area 626913

NumHardBlocks 110
m110 0 0 1
m5 252 120 1
m8 189 120 1
m6 441 213 1
m7 0 213 1
m1 378 120 1
m4 63 120 1
m14 252 213 1
m15 189 213 1
m13 315 120 1
m16 126 120 0
m10 441 120 1
m11 0 120 1
m2 378 213 1
m3 63 213 1
m9 315 213 1
m12 126 213 1
m55 189 306 1
m56 126 306 1
m50 252 399 1
m53 63 399 1
m58 315 306 1
m61 0 306 1
m51 189 399 1
m52 126 399 0
m59 252 306 1
m60 63 306 1
m54 315 399 1
m57 0 399 1
m21 180 492 0
m22 120 492 0
m18 240 492 0
m19 60 492 0
m17 300 492 0
m20 0 492 0
m70 502 492 1
m71 431 492 1
m72 573 492 0
m73 360 492 1
m30 378 306 0
m26 0 593 1
m68 194 593 1
m103 360 526 1
m27 388 544 0
m107 504 120 1
m105 504 128 1
m102 504 136 1
m104 504 144 1
m106 504 152 1
m108 504 160 1
m109 504 168 1
m41 575 176 1
m42 504 176 1
m43 575 244 1
m44 504 244 1
m45 575 210 1
m46 504 210 1
m77 0 641 1
m78 134 641 1
m98 268 641 0
m69 553 526 1
m32 376 694 0
m90 469 694 0
m88 0 734 0
m75 93 734 0
m65 186 737 0
m34 279 737 0
m74 372 757 0
m35 465 757 0
m79 558 757 0
m36 0 797 0
m31 93 797 0
m89 186 800 0
m33 279 800 0
m99 562 615 0
m95 504 278 1
m94 372 820 1
m23 458 820 1
m92 544 820 1
m29 0 860 1
m97 86 860 1
m96 172 863 1
m93 258 863 1
m28 344 863 1
m24 430 838 1
m25 516 838 1
m101 504 296 1
m84 0 878 1
m76 71 878 1
m81 142 881 1
m80 213 881 1
m83 284 881 1
m100 355 881 1
m85 426 881 1
m82 497 856 1
m63 582 296 1
m62 568 871 1
m48 0 912 1
m47 66 912 1
m64 132 915 1
m91 198 915 1
m39 602 838 0
m37 264 915 0
m67 312 915 0
m87 360 915 0
m38 408 915 0
m66 456 915 0
m86 504 890 0
m40 552 919 0
m49 360 534 1
